35
14
24
38
35
20
7
20
17
5
35
12
23
26
7
35
31
7
39
10
15
8
15
24
15
15
28
13
38
5
37
35
17
38
30
12
2
39
1
25
4
18
36
7
4
19
30
22
12
14
31
23
17
38
16
31
24
11
2
5
13
20
34
22
14
1
33
25
6
20
15
14
24
5
27
36
15
9
26
24
34
10
39
10
28
14
24
25
26
29
33
26
23
30
12
11
21
25
26
37
3
5
25
35
6
14
12
35
30
25
3
5
4
29
4
23
32
15
30
11
6
11
23
28
20
8
37
6
28
13
8
12
6
24
29
8
33
23
29
23
34
31
30
23
6
35
34
39
31
28
31
10
33
15
21
18
13
22
2
16
3
21
9
27
4
22
16
5
4
23
2
7
19
4
20
20
36
31
13
31
26
10
34
32
34
37
36
11
34
8
3
7
2
27
10
31
19
31
23
20
19
10
21
6
34
22
24
29
18
6
3
18
6
30
18
22
17
36
24
38
23
3
1
14
18
14
2
9
29
33
38
5
12
26
19
21
12
20
2
8
4
39
2
5
28
5
11
37
4
34
38
14
16
2
21
34
30
17
2
2
25
26
18
18
16
27
13
7
21
26
3
17
22
29
31
33
15
24
15
38
39
21
32
31
1
5
16
23
27
8
17
27
13
18
4
36
30
36
27
20
19
18
39
4
9
13
26
6
10
37
26
37
35
14
27
29
18
28
24
3
8
6
38
19
1
4
6
14
24
20
31
3
36
13
18
38
10
5
20
6
39
14
37
31
16
31
39
30
25
20
12
39
8
31
31
16
12
21
16
31
1
4
25
33
19
1
14
5
5
27
20
16
32
12
32
28
32
1
1
29
17
12
39
6
13
6
26
1
12
14
4
21
13
33
39
23
31
20
34
37
3
15
17
24
8
3
35
10
13
38
5
2
19
18
33
24
7
18
17
37
17
15
9
1
1
12
39
28
28
8
9
6
1
11
24
4
33
33
38
7
35
6
21
38
35
1
13
7
26
2
11
27
26
21
6
5
21
10
17
37
15
24
9
10
2
39
9
31
28
10
38
33
23
31
9
20
21
6
37
38
32
19
23
29
4
37
8
36
8
2
30
38
4
18
25
26
15
22
29
19
